11 11 11 11 11 11 11 11 11 11 11 12 12 12 12 12 12 13 11 11 11 11 11 11 11 11 11 11 11 11 11 11 12 13 14 12 13 12 13 14 
11 11 11 11 11 11 11 11 11 11 14 18 18 18 18 18 18 19 14 11 11 11 11 11 11 11 11 11 11 11 11 14 18 19 20 18 19 18 19 20 
11 11 11 11 11 11 11 11 11 14 20 24 24 24 24 24 24 25 20 11 11 11 11 11 11 11 11 11 11 14 14 20 24 25 26 24 25 24 25 26 
11 11 11 11 11 11 11 11 11 20 26 3 2 2 2 2 2 1 26 11 11 11 11 11 11 11 11 11 11 20 20 26 3 2 2 2 2 2 2 15 
11 11 11 11 11 11 11 11 11 26 0 9 5 5 5 5 5 10 2 11 11 11 11 11 11 11 11 11 11 26 26 0 9 5 5 5 5 5 5 5 
11 11 11 11 11 11 11 11 11 2 6 5 5 5 5 5 5 5 5 11 11 11 11 11 11 11 11 11 11 2 2 6 5 5 5 5 5 5 5 5 
11 11 11 11 11 11 11 11 11 5 5 5 5 5 5 5 5 5 11 11 11 11 11 11 11 11 11 11 11 5 5 5 5 5 5 5 5 5 5 5 
11 11 11 11 11 11 11 11 11 11 11 11 5 5 5 5 5 11 11 11 11 11 11 11 11 11 11 11 11 5 5 5 5 5 5 5 5 5 5 5 
14 14 11 11 11 11 11 11 11 11 11 11 5 5 5 5 11 11 11 11 11 11 11 11 11 11 11 11 11 5 5 5 5 5 5 5 5 5 5 5 
20 20 14 11 11 11 11 11 11 11 11 14 5 5 5 5 14 11 11 11 11 11 11 11 11 11 11 11 11 5 5 5 5 5 5 11 11 5 5 5 
26 26 20 14 11 11 11 11 11 14 14 20 5 5 5 5 20 12 13 14 11 11 11 11 11 14 11 11 11 11 5 5 5 5 11 11 11 11 5 5 
2 4 26 20 14 14 14 14 20 20 20 26 5 5 5 5 26 18 19 20 11 11 11 11 12 20 12 11 11 11 11 11 11 11 11 11 11 14 5 5 
5 7 1 26 20 20 20 20 26 26 26 3 5 5 5 5 4 24 25 26 11 11 11 11 18 26 18 11 11 11 11 11 11 11 11 11 11 20 5 5 
5 5 7 1 26 26 26 26 26 0 2 9 5 5 5 5 10 2 2 2 11 11 11 11 24 2 24 11 11 11 11 11 11 11 11 11 11 26 5 5 
5 5 5 7 2 2 2 2 2 6 5 5 5 5 5 5 5 5 5 5 11 11 11 11 3 5 4 11 11 11 11 11 11 11 11 11 14 3 5 5 
5 5 5 5 5 5 5 5 5 5 5 5 5 5 5 5 5 5 5 5 11 11 11 11 5 5 5 11 11 11 11 11 11 11 11 11 20 5 5 5 
5 5 5 5 5 5 5 5 5 5 5 5 5 5 5 5 5 5 5 5 11 11 11 11 5 5 5 11 11 11 11 11 11 11 11 11 26 5 5 5 
11 5 5 5 5 5 5 5 5 5 5 5 5 5 5 5 5 5 5 11 11 11 11 11 5 5 5 11 11 11 11 11 11 11 11 14 3 5 5 5 
11 11 5 5 5 5 5 5 5 5 5 5 5 11 11 11 5 5 5 11 11 11 11 11 5 5 5 11 11 11 11 11 11 11 11 20 9 5 5 5 
11 11 5 5 5 5 5 5 11 11 11 11 11 11 11 11 5 5 5 14 14 11 11 14 5 5 5 11 11 11 11 11 11 11 11 26 5 5 5 5 
11 11 11 11 11 11 11 11 11 11 11 11 11 11 11 11 5 5 5 20 20 14 14 20 5 5 5 14 11 11 11 11 11 11 14 3 5 5 5 11 
11 11 11 11 11 11 11 11 11 11 11 11 11 11 11 14 5 5 5 26 26 20 20 26 5 5 5 20 14 11 11 14 14 14 20 9 5 5 5 11 
11 11 11 11 11 11 11 11 11 11 11 11 11 11 14 20 5 5 5 2 1 26 26 3 5 5 5 26 20 14 14 20 20 20 26 5 5 5 5 11 
11 11 11 11 11 11 11 12 12 12 12 12 12 12 20 26 5 5 5 5 7 2 2 9 5 5 5 4 26 20 20 26 26 26 3 5 5 5 5 11 
11 11 11 11 11 11 11 18 18 18 18 18 18 18 26 3 5 5 5 5 5 5 5 5 5 5 5 7 1 26 26 0 2 2 9 5 5 5 11 11 
11 11 11 11 11 11 11 24 24 24 24 24 24 24 3 5 5 5 5 5 5 5 5 5 5 5 5 5 10 2 2 9 5 5 5 5 5 5 11 11 
11 11 11 11 11 11 11 2 2 2 2 2 2 2 9 5 5 11 11 11 11 11 11 5 5 5 5 5 5 5 5 5 5 5 5 5 5 5 11 11 
11 11 11 11 11 11 11 5 5 5 5 5 5 5 5 5 11 11 11 11 11 11 11 11 11 5 5 5 5 5 5 5 5 5 5 5 11 11 11 11 
11 11 11 11 11 11 11 5 5 11 11 11 11 11 11 11 11 11 11 11 11 11 11 11 11 11 11 11 11 11 11 11 11 11 11 11 11 11 11 11 
11 11 11 11 11 11 11 5 5 11 11 11 11 11 11 11 11 11 11 11 11 11 11 11 11 11 11 11 11 11 11 11 11 11 11 11 11 11 11 11 